Score,Score Rank,Percentile,Percentile Rank
4.4846,1,99.99,1
3.5148,3,99.74,2
1.511,39,99.32,3
1.9621,29,99.17,4
2.9785,7,99.07,5
2.8415,11,98.85,6
2.4741,17,98.79,7
3.2116,5,98.41,8
0.9574,62,98.2,9
2.9084,9,97.76,10
2.4786,15,97.23,11
2.3268,19,97.2,12
3.6476,2,96.94,13
2.3065,20,96.78,14
2.976,8,96.6,15
1.336,43,96.53,16
1.3021,45,96.49,17
2.0987,24,96.28,18
2.0999,23,95.93,19
2.0212,25,95.91,20
1.63,36,95.86,21
0.899,67,95.64,22
1.1315,51,95.14,23
3.299,4,95.04,24
1.7595,32,94.95,25
1.6146,37,94.85,26
2.247,21,94.74,27
3.0298,6,94.68,28
2.8982,10,94.42,29
1.3443,42,94.41,30
0.5127,87,94.38,31
1.2108,49,94.11,32
2.4783,16,94.04,33
1.0262,57,93.93,34
1.6944,35,93.9,35
1.5601,38,93.86,36
1.7411,33,93.83,37
2.5018,13,93.8,38
0.8603,70,93.68,39
1.2048,50,93.62,40
1.9923,27,93.2,41
0.6532,78,93.01,42
1.9826,28,92.96,43
2.011,26,92.93,44
-0.0396,120,92.5,45
0.9584,61,92.11,46
1.2352,48,92.1,47
1.1089,52,91.99,48
1.4335,41,91.88,49
1.9235,31,91.75,50
0.7895,72,91.49,51
2.564,12,91.26,52
0.1977,102,91.25,53
1.2629,47,90.74,54
2.4027,18,90.6,55
0.6352,82,90.58,56
1.473,40,90.53,57
1.7059,34,90.46,58
0.5288,85,90.45,59
1.0778,54,90.33,60
1.0429,56,90.2,61
2.1021,22,90.12,62
-0.2158,130,90.1,63
0.3822,93,89.94,64
0.3493,98,89.9,65
2.4803,14,89.85,66
0.3703,95,89.69,67
0.8102,71,89.54,68
0.2093,101,89.5,69
0.6666,77,89.37,70
1.094,53,88.85,71
-0.0068,114,88.72,72
-0.8263,162,88.57,73
1.0055,58,88.54,74
0.6405,80,88.52,75
0.7865,73,88.16,76
0.5354,84,88.03,77
0.3816,94,87.73,78
0.3637,96,87.57,79
1.314,44,87.51,80
0.4166,91,87.21,81
1.2635,46,87.13,82
0.8631,69,87.08,83
0.7285,74,86.96,84
-0.0318,118,86.79,85
0.9169,65,86.67,86
0.6862,76,86.67,86
0.9162,66,86.67,86
0.409,92,86.53,89
-0.6734,155,86.5,90
0.6524,79,86.4,91
0.9419,64,86.31,92
0.0114,112,86.29,93
0.2444,100,86.11,94
0.0622,110,86.03,95
0.8717,68,85.81,96
-0.0943,122,85.74,97
-0.9894,174,85.74,97
-0.3164,136,85.63,99
-1.263,190,85.33,100
0.9677,60,85.24,101
0.5072,88,85.12,102
0.4747,89,85.09,103
-0.0094,115,84.94,104
-0.0408,121,84.59,105
0.5371,83,84.44,106
0.3562,97,84.38,107
-1.112,180,84.12,108
0.3421,99,84.0,109
0.1149,108,83.97,110
-0.3927,141,83.96,111
1.9322,30,83.62,112
-0.9028,169,83.58,113
-0.6783,156,83.44,114
-0.3134,135,83.4,115
-0.8564,166,83.4,115
-0.5391,147,82.93,117
-1.0703,179,82.87,118
-0.3566,139,82.7,119
0.1514,106,82.68,120
-0.7038,157,82.58,121
-0.0148,116,82.56,122
0.1607,105,82.49,123
1.0762,55,82.34,124
-0.1416,125,82.33,125
0.4218,90,82.12,126
-1.8056,219,82.01,127
-0.3915,140,82.01,127
-0.4558,145,81.67,129
-0.4271,143,81.48,130
0.1955,103,81.35,131
0.0907,109,81.34,132
-0.1459,126,81.17,133
0.1804,104,81.07,134
0.7142,75,81.01,135
-0.8393,164,80.99,136
0.5242,86,80.9,137
-1.1607,182,80.89,138
0.9488,63,80.72,139
-1.2512,189,80.53,140
-0.8443,165,80.49,141
-0.726,159,79.19,142
-1.164,183,79.15,143
-0.434,144,79.15,143
-0.1967,129,79.12,145
-1.1519,181,78.99,146
-1.0194,175,78.91,147
-0.5218,146,78.81,148
-0.2887,134,78.78,149
0.149,107,78.29,150
-0.0226,117,77.76,151
-1.2172,188,77.28,152
-2.116,230,77.22,153
-0.2206,131,76.94,154
-0.5407,150,76.82,155
-1.0194,175,76.01,156
-0.5645,151,75.99,157
-2.5346,241,75.84,158
-0.1706,127,75.55,159
-0.7188,158,74.87,160
-0.831,163,74.06,161
-1.4196,199,74.0,162
-1.3589,196,73.84,163
-0.9219,170,73.69,164
-1.2685,191,73.47,165
-1.6217,213,73.31,166
-1.4551,203,73.2,167
-0.1175,123,73.19,168
0.9993,59,73.08,169
-0.0055,113,72.99,170
-0.5994,152,72.43,171
-1.2152,187,71.88,172
-0.3321,138,71.13,173
-2.8067,249,71.01,174
-0.2842,133,70.78,175
-1.7803,217,70.37,176
-1.2756,192,70.35,177
-1.4409,201,70.27,178
-1.92,221,69.95,179
-0.6669,154,69.63,180
-1.2078,186,69.59,181
-1.4668,204,69.15,182
-0.2643,132,69.14,183
-1.9963,226,69.09,184
-0.7392,161,68.92,185
-1.204,185,68.77,186
-2.1436,231,68.65,187
-1.0469,178,67.43,188
-1.6288,214,67.3,189
-3.3545,266,67.29,190
-0.7361,160,66.8,191
-1.7343,215,66.22,192
-3.0446,255,66.14,193
-1.1684,184,66.07,194
-1.5034,208,66.02,195
0.636,81,66.01,196
-1.306,193,65.6,197
-0.9455,173,65.35,198
-0.614,153,65.3,199
-0.1922,128,65.3,199
-0.5397,149,64.74,201
-1.0293,177,64.12,202
-2.031,227,63.85,203
-1.3333,194,63.59,204
-0.0339,119,63.38,205
-1.4199,200,62.59,206
-0.9264,171,61.64,207
-1.4775,205,61.51,208
-1.5007,207,60.52,209
-1.4414,202,60.25,210
-0.928,172,59.6,211
-0.1232,124,59.27,212
-3.5033,270,59.24,213
-1.7872,218,59.19,214
-2.7975,248,58.64,215
-2.6749,244,58.58,216
-1.9418,222,58.51,217
-2.868,250,57.32,218
-0.8664,168,57.1,219
-0.3176,137,56.07,220
-0.41,142,55.74,221
-3.6221,271,55.41,222
-0.8649,167,55.28,223
-2.5805,242,55.17,224
-1.5893,210,54.57,225
-3.2987,263,54.36,226
-1.5995,212,54.24,227
-1.5921,211,52.97,228
-3.3285,265,52.97,228
-3.1612,259,52.7,230
-1.3351,195,52.15,231
-1.7398,216,52.05,232
-2.2989,237,51.94,233
-1.9857,225,51.64,234
-2.0444,229,51.53,235
-2.1459,232,51.18,236
-4.1351,284,50.41,237
-4.7712,296,50.37,238
-2.1482,233,50.3,239
-3.3997,268,50.3,239
-1.9688,224,49.9,241
-3.1172,257,48.55,242
-1.9552,223,48.13,243
-3.7925,273,47.84,244
-4.1131,282,47.68,245
-3.1367,258,47.64,246
-3.6865,272,47.17,247
-2.7199,246,46.5,248
0.0149,111,45.83,249
-1.5305,209,44.47,250
-2.4605,239,43.6,251
-1.4034,197,42.27,252
-2.1586,234,42.24,253
-2.9434,252,42.18,254
-4.1393,285,40.65,255
-5.5956,305,40.42,256
-2.2238,236,40.37,257
-4.8567,298,40.11,258
-4.2487,287,39.91,259
-4.0389,278,39.82,260
-2.3042,238,39.46,261
-2.7274,247,39.44,262
-3.7997,274,39.31,263
-6.3012,309,39.22,264
-4.2518,288,39.05,265
-4.2191,286,37.69,266
-2.6899,245,37.29,267
-2.9469,253,37.14,268
-1.4041,198,36.98,269
-2.4851,240,36.93,270
-1.8359,220,36.64,271
-3.3045,264,36.12,272
-3.3984,267,35.54,273
-5.3839,302,34.61,274
-5.4814,303,34.5,275
-3.2923,262,33.03,276
-3.1848,260,32.65,277
-4.127,283,32.14,278
-2.0407,228,30.61,279
-0.5392,148,30.52,280
-4.6158,291,29.07,281
-5.3268,301,28.39,282
-4.7304,295,28.0,283
-4.9269,300,27.64,284
-3.8031,275,25.02,285
-4.6689,292,24.17,286
-5.6756,306,23.14,287
-4.3641,289,22.72,288
-3.0696,256,22.58,289
-2.9141,251,22.45,290
-4.6989,293,22.36,291
-5.5504,304,22.32,292
-2.974,254,21.96,293
-1.4862,206,20.32,294
-4.406,290,19.89,295
-4.0502,279,19.8,296
-4.071,281,18.57,297
-3.4505,269,18.13,298
-4.7189,294,16.61,299
-3.9059,277,15.34,300
-2.2192,235,14.11,301
-3.9028,276,12.56,302
-5.7521,307,12.44,303
-2.609,243,11.53,304
-4.7966,297,11.47,305
-3.2088,261,11.01,306
-6.1602,308,9.47,307
-4.8712,299,8.33,308
-6.369,310,5.82,309
-4.0706,280,5.09,310
